Batch#,STPP_Dosing Time,STPP_QTY,SODAL 1_Dosing Time,SODAL 1_QTY,LABSA_Dosing Time,LABSA_QTY,Mixing-1,Colour_Dosing Time,Colour_QTY,Mixing-2,Frisis + Feldspar_Dosing Time,Frisis + Feldspar_QTY,Mixing-3,HA 20_Dosing Time,HA 20_QTY,Mixing-4,SODAL 2_Dosing Time,SODAL 2_QTY,Mixing-5,Phosphoric Acid_Dosing Time,Phosphoric Acid_QTY,Mixing-6,Sodium Silicate_Dosing Time,Sodium Silicate_QTY,Mixing-7,Perfume_Dosing Time,Perfume_QTY,Mixing-8,Total Mixing Time,IDLE Time before PV,Median_BatchPV
Batch-959,29,170,171,719,101,465,290,23,14,21,27,345,169,29,79,129,118,662,141,855,262,331,26,66,31,26,2,29,1141,3422,30
Batch-960,20,170,115,719,80,468,269,45,14,35,41,337,156,25,80,125,181,662,123,833,244,311,21,67,33,54,2,29,1081,4152,29
Batch-961,22,170,196,720,90,465,282,47,14,59,34,335,153,28,81,146,139,658,130,760,254,299,23,68,27,3,2,31,1127,1734,27
Batch-962,34,170,161,719,99,467,264,112,15,44,36,345,178,29,79,133,209,649,141,792,252,319,22,63,29,15,2,28,1136,1183,27
Batch-963,31,170,177,721,94,467,290,66,14,12,35,339,156,25,79,160,117,646,157,765,251,316,16,64,27,20,2,30,1148,2018,28
Batch-964,36,170,107,720,118,470,255,87,15,18,35,343,179,29,80,161,178,656,172,838,244,316,17,70,27,28,2,31,1148,2739,30
Batch-965,38,170,152,721,83,460,286,11,16,39,41,341,158,28,80,124,154,657,169,831,258,293,19,70,30,19,2,28,1127,1042,28
Batch-966,18,170,175,720,119,463,291,65,15,20,33,341,158,27,79,155,131,650,133,768,245,317,24,70,27,38,2,31,1132,1998,28
Batch-967,22,170,169,720,92,460,292,38,15,51,37,340,175,26,81,120,101,664,161,837,257,305,22,67,32,43,2,28,1148,713,28
Batch-968,31,170,183,719,83,464,276,83,15,9,39,335,174,27,80,139,126,654,135,851,257,306,18,69,31,10,2,29,1099,2445,29
Batch-969,20,170,175,720,113,462,249,4,15,35,38,344,171,26,79,147,220,645,135,763,243,333,24,60,32,60,2,28,1130,2622,28
Batch-970,30,170,116,719,120,467,259,21,15,30,30,341,163,25,81,163,221,664,162,843,250,309,22,62,31,8,2,30,1147,4765,31
Batch-971,20,170,140,720,90,470,260,8,16,28,31,341,174,25,81,137,133,652,173,805,256,315,16,62,33,53,2,28,1148,1357,28
Batch-972,39,170,181,720,89,469,288,24,16,42,33,338,157,29,80,157,158,654,160,849,246,293,25,64,29,59,2,31,1148,3471,30
Batch-973,28,170,177,719,119,463,256,69,15,31,38,342,169,28,81,156,125,644,151,798,248,299,26,66,29,38,2,28,1119,1247,27
Batch-974,21,170,133,720,80,466,260,81,16,58,29,341,166,27,80,162,183,643,152,813,262,319,24,70,28,12,2,30,1148,1764,28
Batch-975,34,170,123,721,86,461,271,84,16,36,28,343,153,29,80,164,191,647,146,783,260,309,17,60,30,20,2,31,1140,1415,27
Batch-976,18,170,127,721,106,467,269,43,15,27,36,336,176,26,79,132,182,649,164,832,249,326,19,68,27,60,2,30,1148,3855,31
Batch-977,29,170,194,720,112,468,267,70,14,61,35,341,160,29,80,133,217,653,159,830,263,324,22,68,32,57,2,28,1148,3688,30
Batch-978,32,170,109,721,98,468,268,14,15,7,30,335,163,26,80,163,165,638,149,828,249,295,24,70,32,22,2,28,1105,3710,30
Batch-979,19,170,138,721,121,470,265,118,14,52,41,343,164,27,81,153,137,662,143,791,251,322,21,62,28,4,2,30,1148,3842,30
Batch-980,28,170,103,720,105,465,267,74,14,15,31,338,175,29,81,145,197,642,161,779,259,304,24,64,33,3,2,28,1128,3341,30
Batch-981,34,170,105,719,133,465,290,76,15,10,32,337,166,29,79,156,182,650,127,790,249,306,22,69,31,4,2,29,1115,5202,31
Batch-982,23,170,183,721,131,466,284,95,16,42,33,340,159,29,80,127,208,639,132,756,254,337,25,67,31,47,2,29,1141,3968,30
Batch-983,19,170,162,720,131,466,268,119,14,59,30,336,173,28,79,135,204,655,122,816,246,309,22,60,28,26,2,29,1123,2601,28
Batch-984,28,170,127,719,82,468,276,51,15,14,34,338,156,29,79,135,103,653,144,795,251,330,19,63,27,42,2,31,1113,3598,29
Batch-985,37,170,195,719,121,464,270,58,15,6,34,341,168,29,79,138,184,641,148,796,253,319,24,65,28,34,2,31,1108,4715,31
Batch-986,15,170,172,720,100,465,269,12,14,57,39,339,173,28,81,151,117,660,124,829,257,317,18,70,31,30,2,29,1148,4230,30
Batch-987,37,170,139,721,132,468,247,113,16,34,36,341,165,28,79,160,186,635,150,757,250,315,19,67,31,18,2,28,1130,5545,31
Batch-988,38,170,166,721,102,462,250,20,16,48,27,344,163,25,80,155,114,661,180,837,262,293,17,65,29,11,2,30,1148,5879,33
Batch-989,17,170,122,721,126,468,238,53,16,11,27,340,162,29,79,120,155,646,173,837,259,299,20,70,29,47,2,29,1061,1842,28
Batch-990,31,170,170,719,122,462,262,23,16,10,34,340,173,27,81,141,103,637,145,791,248,322,24,69,28,35,2,29,1110,2202,28
Batch-991,27,170,130,721,110,464,285,118,14,51,37,344,153,26,79,152,192,655,170,772,250,312,16,61,27,54,2,31,1148,2972,29
Batch-992,21,170,171,721,133,462,240,55,14,13,26,345,177,29,80,149,204,652,162,830,260,332,22,66,29,61,2,30,1132,3364,30
Batch-993,20,170,132,720,78,470,239,100,14,53,26,341,171,27,79,146,183,653,128,846,245,328,23,61,27,50,2,28,1120,5967,31
Batch-994,18,170,144,720,119,466,277,53,14,12,27,336,181,26,80,128,182,635,144,818,259,336,24,66,28,48,2,31,1137,1780,29
Batch-995,23,170,117,719,79,464,243,112,16,18,30,345,163,27,80,120,140,664,126,762,246,330,22,65,27,29,2,28,1055,5945,30
Batch-996,36,170,168,720,93,467,274,90,14,29,38,342,159,27,79,157,125,637,134,798,248,305,23,63,29,24,2,28,1115,3382,29
Batch-997,27,170,176,721,78,464,241,82,14,25,36,335,175,26,79,126,132,644,157,806,259,301,19,61,32,32,2,30,1087,3010,29
Batch-998,26,170,130,720,121,461,243,101,16,26,41,339,163,25,81,164,158,653,121,768,245,328,23,68,30,29,2,28,1103,2288,27
Batch-999,24,170,181,719,98,465,238,65,14,47,31,339,177,27,79,137,164,655,136,797,246,300,18,69,29,26,2,30,1094,3766,29
Batch-1000,36,170,172,721,121,468,246,69,16,4,38,342,158,25,80,128,149,635,177,791,265,327,21,65,28,32,2,31,1099,5117,33
Batch-1001,33,170,123,720,99,463,286,123,15,57,30,340,172,28,80,152,192,662,154,788,255,330,26,69,32,53,2,31,1148,5312,34
Batch-1002,35,170,198,719,118,469,289,116,14,23,28,342,160,25,80,120,112,652,153,845,249,299,19,64,27,23,2,29,1100,1383,28
Batch-1003,38,170,157,721,77,462,259,122,14,11,31,338,159,29,79,136,171,660,123,836,261,295,18,66,33,58,2,30,1046,2641,28
Batch-1004,28,170,139,720,106,467,268,25,14,30,31,340,164,26,79,123,139,645,132,795,263,317,20,61,28,41,2,30,1092,3497,29
Batch-1005,35,170,116,721,118,470,260,94,14,16,29,345,153,26,79,164,135,663,137,795,249,302,26,66,31,59,2,29,1092,856,25
Batch-1006,17,170,136,719,97,469,292,36,15,46,27,345,154,25,79,163,142,662,167,842,260,326,24,63,32,61,2,28,1148,4041,33
Batch-1007,21,170,169,720,131,460,250,90,16,11,37,341,172,29,80,135,135,647,135,763,244,326,26,64,27,44,2,28,1084,732,25
Batch-1008,28,170,195,719,79,470,259,80,15,17,41,344,153,26,81,141,170,656,140,806,252,337,22,65,32,64,2,31,1110,2072,28
Batch-1009,16,170,117,721,82,466,239,27,15,39,37,339,160,26,79,157,161,643,138,779,249,328,15,66,33,2,2,28,1122,2241,28
Batch-1010,36,170,143,720,78,468,245,20,14,46,36,341,157,27,79,147,130,653,151,846,250,316,20,70,30,62,2,30,1122,5922,36
Batch-1011,32,170,163,721,89,470,263,63,16,29,26,337,166,27,79,151,156,657,147,805,245,333,18,69,32,18,2,31,1148,1360,27
Batch-1012,38,170,197,720,82,464,277,40,15,20,32,345,169,25,79,133,145,645,180,845,247,314,16,68,29,49,2,31,1148,1906,29
Batch-1013,37,170,141,720,87,464,276,85,16,40,38,338,169,26,81,128,132,645,132,760,264,325,24,67,28,44,2,30,1128,4888,36
Batch-1014,26,170,157,720,95,462,266,13,15,14,36,336,164,25,81,140,122,663,157,787,259,334,24,69,31,41,2,29,1135,5072,36
Batch-1015,25,170,113,719,129,467,279,108,15,19,28,340,179,26,79,124,193,647,130,850,264,310,25,67,28,24,2,28,1097,1455,28
Batch-1016,20,170,109,720,110,466,244,17,16,15,30,345,155,29,79,136,218,661,139,793,253,330,21,62,32,64,2,29,1080,2015,27
Batch-1017,38,170,163,721,133,470,285,108,14,40,34,336,156,29,80,132,138,653,142,789,257,295,23,69,27,48,2,31,1108,1014,27
Batch-1018,25,170,149,720,136,462,247,33,15,47,36,336,168,26,80,155,156,643,166,809,244,315,17,68,28,55,2,30,1148,1978,28
Batch-1019,18,170,137,720,132,462,289,26,14,15,38,340,161,26,79,137,124,643,144,794,260,297,16,68,29,12,2,29,1101,3471,30
Batch-1020,22,170,183,721,83,464,256,27,15,18,29,340,160,27,79,125,149,638,181,855,248,314,15,70,33,40,2,29,1116,2963,30
Batch-1021,22,170,128,720,135,466,291,119,14,42,36,343,169,28,80,135,140,659,173,843,255,304,23,70,30,29,2,29,1148,2324,30
Batch-1022,21,170,149,719,120,470,244,77,14,29,36,340,154,27,80,152,183,639,147,843,261,320,20,66,29,30,2,28,1103,2941,29
Batch-1023,18,170,162,719,100,466,280,108,15,23,32,337,171,29,81,163,163,648,144,858,256,330,19,70,29,42,2,30,1148,4376,33
Batch-1024,26,170,164,720,126,462,283,102,15,44,32,337,154,27,80,133,219,664,121,771,252,307,23,60,32,11,2,31,1105,5234,30
Batch-1025,15,170,133,721,123,468,239,120,14,40,32,341,157,27,81,161,193,638,142,816,245,294,25,63,31,6,2,30,1094,840,25
Batch-1026,23,170,132,719,105,460,277,74,15,10,32,339,181,25,81,126,218,646,150,831,244,314,18,60,29,55,2,29,1116,4858,31
Batch-1027,39,170,184,720,90,464,251,42,15,49,32,342,180,26,79,147,190,654,143,802,257,311,23,60,32,49,2,29,1142,4288,30
Batch-1028,35,170,131,719,87,465,248,116,16,43,35,335,167,26,81,133,196,643,146,780,251,321,22,64,27,54,2,29,1114,2294,28
Batch-1029,22,170,187,721,96,467,245,118,14,30,36,345,170,25,79,146,134,639,161,791,261,319,22,62,31,51,2,29,1131,5716,32
